[8, 8, 8, 1, 8, 15, 15]
[1, 2, 8, 1, 3, 8, 15]
[8, 8, 2, 1, 8, 3, 8]
[2, 23, 8, 8, 31, 5, 7]
[8, 15, 2, 15, 8, 1, 7]
[15, 15, 8, 15, 23, 7, 15]
[7, 7, 7, 7, 15, -1, 7]
-------25--------
[8, 8, 8, 1, 8, 15, 15]
[1, 2, 8, 1, 3, 8, 15]
[8, 7, 2, 1, 8, 3, 8]
[2, 15, 8, 8, 31, 5, 7]
[8, 7, 2, 15, 8, 1, 7]
[15, 7, 8, 15, 23, 7, 15]
[7, -1, 7, 7, 15, -1, 7]
-------27--------
[8, 8, 8, 1, 8, 15, 15]
[1, 2, 8, 1, 3, 8, 15]
[8, 7, 2, 1, 8, 3, 8]
[2, 15, 8, 8, 31, 5, 7]
[8, 7, 2, 15, 8, 1, 7]
[15, 7, 8, 15, 23, 15, 15]
[15, 7, 15, 15, 23, 8, 15]
-------29--------
[15, 8, 8, 1, 8, 15, 15]
[1, 2, 8, 1, 3, 8, 15]
[8, 7, 2, 1, 8, 3, 8]
[2, 15, 8, 8, 31, 5, 7]
[8, 7, 2, 15, 8, 1, 7]
[15, 7, 8, 15, 23, 15, 15]
[15, 7, 15, 15, 23, 8, 15]
-------31--------
[7, 8, 15, 1, 8, 15, 15]
[1, 2, 8, 1, 3, 8, 15]
[8, 7, 2, 1, 8, 3, 8]
[2, 15, 8, 8, 31, 5, 7]
[8, 7, 2, 15, 8, 1, 7]
[15, 7, 8, 15, 23, 15, 15]
[15, 7, 15, 15, 23, 8, 15]
-------34--------
[7, 8, 15, 1, 8, 15, 15]
[1, 2, 8, 1, 3, 8, 15]
[8, 7, 2, 1, 8, 3, 8]
[2, 7, 8, 7, 23, 5, 7]
[8, 7, 2, 7, 8, 1, 7]
[15, 7, 8, 7, 23, 15, 15]
[15, 7, 15, 7, 23, 8, 15]
-------36--------
[7, 8, 15, 1, 8, 15, 15]
[1, 2, 8, 1, 3, 8, 15]
[8, 15, 2, 1, 8, 3, 8]
[2, 15, 8, 15, 15, 5, 7]
[8, 15, 2, 8, 15, 1, 7]
[15, 15, 7, 15, 15, 8, 15]
[15, 8, 7, 15, 15, 15, 15]
-------37--------
[7, 8, 15, 1, 8, 15, 15]
[1, 2, 8, 1, 3, 8, 15]
[8, 15, 2, 1, 8, 3, 8]
[2, 15, 8, 15, 15, 5, 7]
[8, 15, 2, 8, 15, 1, 7]
[15, 15, 7, 15, 15, 8, 15]
[15, 8, 7, 15, 15, 15, 15]
-------37--------
time elapsed: 2.8250043392181396
Solution: [(0, 1), (0, 4), (1, 2), (1, 5), (2, 0), (2, 4), (2, 6), (3, 2), (4, 0), (4, 3), (5, 5), (6, 1)]
--------Memory statistic for Heuristic solution--------
+ Total memory used for Heuristic solution: 5 KiB
+ Total number of allocations: 119
+ The average memory usage per allocation: 51 B
--------------------------------------------------