[47, 15, 47, 15, 23, 22, 47]
[23, 5, 8, 1, 14, 0, 22]
[39, 15, 8, 5, 8, 6, 31]
[15, 5, 3, 8, 5, 1, 23]
[39, 8, 8, 5, 31, 8, 39]
[15, 1, 15, 1, 8, 2, 8]
[47, 23, 39, 23, 39, 8, 31]
-------33--------
[55, 15, 39, 15, 23, 22, 47]
[31, 5, 8, 1, 14, 0, 22]
[39, 7, 7, 5, 8, 6, 31]
[8, 5, 3, 8, 5, 1, 23]
[47, 8, 8, 5, 23, 8, 39]
[23, 1, 15, 1, -1, 2, 8]
[55, 23, 39, 8, 31, 7, 31]
-------34--------
[47, 7, 39, 8, 23, 22, 47]
[23, 5, 7, 1, 14, 0, 22]
[39, 7, 8, 5, 8, 6, 31]
[8, 5, 3, 8, 5, 1, 23]
[31, 8, 7, 5, 7, 8, 39]
[7, 1, 7, 1, -1, 2, 8]
[47, 23, 31, 8, 23, 7, 31]
-------35--------
[31, 15, 31, 8, 23, 14, 8]
[7, 5, 7, 1, 6, 0, 14]
[15, 7, 8, 5, 8, 6, 23]
[8, 5, 3, 8, 5, 1, 15]
[15, 7, 8, 5, 15, 8, 31]
[7, 1, 7, 1, 8, 2, 7]
[31, 8, 15, 7, 15, 7, 15]
-------36--------
[23, 7, 15, 8, 15, 6, 15]
[7, 5, 7, 1, 6, 0, 14]
[15, 7, 8, 5, 8, 6, 23]
[7, 5, 3, 8, 5, 1, 7]
[15, 7, 8, 5, 15, 8, 15]
[8, 1, 7, 1, 8, 2, 7]
[31, 7, 15, 7, 15, 7, 8]
-------37--------
[23, 7, 15, 8, 15, 6, 15]
[7, 5, 7, 1, 6, 0, 14]
[15, 7, 8, 5, 8, 6, 23]
[7, 5, 3, 8, 5, 1, 7]
[15, 7, 8, 5, 15, 8, 15]
[8, 1, 7, 1, 8, 2, 7]
[31, 7, 15, 7, 15, 7, 8]
-------37--------
time elapsed: 3.641000270843506
Solution: [(0, 3), (2, 2), (2, 4), (3, 3), (4, 2), (4, 5), (5, 0), (5, 4), (6, 6)]
--------Memory statistic for Heuristic solution--------
+ Total memory used for Heuristic solution: 8 KiB
+ Total number of allocations: 177
+ The average memory usage per allocation: 50 B
--------------------------------------------------