[8, 1, -2, 7, 5, 15, 8]
[7, -2, 0, 22, 8, 8, 2]
[5, -1, 6, 7, 15, 5, 7]
[15, 7, 15, 15, 23, 15, 8]
[8, 2, 8, 23, 8, 23, 5]
[3, 8, 23, 8, 2, 8, 8]
[8, 15, 5, 15, 8, 3, 8]
-------25--------
[8, 1, -2, 7, 5, 15, 8]
[7, -2, 0, 22, 8, 8, 2]
[5, -1, 6, 7, 7, 5, 7]
[15, 7, 15, 15, 15, 15, 8]
[8, 2, 8, 15, 15, 15, 5]
[3, 8, 23, 8, 2, 8, 8]
[8, 15, 5, 15, 8, 3, 8]
-------28--------
[8, 1, -2, 7, 5, 15, 8]
[7, 6, 0, 22, 8, 8, 2]
[5, 8, 14, 15, 15, 5, 7]
[15, 15, 15, 15, 15, 15, 8]
[8, 2, 8, 15, 15, 15, 5]
[3, 8, 23, 8, 2, 8, 8]
[8, 15, 5, 15, 8, 3, 8]
-------30--------
[8, 1, -2, 7, 5, 15, 8]
[7, 6, 0, 22, 8, 8, 2]
[5, 8, 14, 15, 15, 5, 7]
[15, 15, 15, 15, 15, 15, 8]
[8, 2, 8, 15, 15, 15, 5]
[3, 8, 23, 8, 2, 8, 15]
[8, 15, 5, 15, 8, 3, 8]
-------32--------
[8, 1, -2, -1, 5, 15, 8]
[7, 6, 0, 14, 8, 8, 2]
[5, 8, 14, 7, 15, 5, 7]
[15, 15, 15, 7, 15, 15, 8]
[8, 2, 8, 7, 15, 15, 5]
[3, 8, 15, 7, 2, 8, 15]
[8, 15, 5, 7, 8, 3, 8]
-------33--------
[8, 1, 6, 8, 5, 15, 8]
[7, 6, 0, 14, 7, 8, 2]
[5, 8, 14, 15, 7, 5, 7]
[15, 15, 15, 15, 7, 15, 8]
[8, 2, 8, 15, 7, 15, 5]
[3, 8, 15, 15, 2, 8, 15]
[8, 15, 5, 15, 8, 3, 8]
-------36--------
[8, 1, 6, 8, 5, 7, 8]
[7, 6, 0, 14, 8, 7, 2]
[5, 8, 14, 15, 15, 5, 8]
[15, 15, 8, 15, 15, 15, 15]
[8, 2, 7, 7, 7, 7, 5]
[3, 8, 15, 15, 2, 8, 15]
[8, 15, 5, 15, 8, 3, 8]
-------37--------
[8, 1, 6, 8, 5, 7, 8]
[7, 6, 0, 14, 8, 7, 2]
[5, 8, 14, 15, 15, 5, 8]
[15, 15, 8, 15, 15, 15, 15]
[8, 2, 7, 7, 7, 7, 5]
[3, 8, 15, 15, 2, 8, 15]
[8, 15, 5, 15, 8, 3, 8]
-------37--------
time elapsed: 1.3409993648529053
Solution: [(0, 0), (0, 3), (0, 6), (1, 4), (2, 1), (2, 6), (3, 2), (4, 0), (5, 1), (5, 5), (6, 0), (6, 4), (6, 6)]
--------Memory statistic for Heuristic solution--------
+ Total memory used for Heuristic solution: 5 KiB
+ Total number of allocations: 113
+ The average memory usage per allocation: 51 B
--------------------------------------------------