[0, 6, 8, 23, 7, 22, 0]
[6, -2, 6, 15, 1, 8, 22]
[6, 0, 0, 14, 0, 14, 15]
[8, 38, 22, 8, 22, 8, 39]
[15, 8, 5, 14, 0, 2, 8]
[15, 8, 2, 8, 30, 8, 8]
[5, 31, 8, 31, 8, 23, 5]
-------23--------
[0, 6, 8, 15, 7, 22, 0]
[6, -2, 6, 7, 1, 8, 22]
[6, 0, 0, 6, 0, 14, 15]
[8, 30, 14, 23, 14, 8, 31]
[15, 8, 5, 6, 0, 2, 8]
[15, 8, 2, 8, 30, 8, 8]
[5, 31, 8, 23, 8, 23, 5]
-------26--------
[0, 6, 8, 15, 7, 22, 0]
[6, -2, 6, 7, 1, 8, 14]
[6, 0, 0, 6, 0, 14, 7]
[8, 30, 14, 23, 14, 8, 23]
[15, 8, 5, 6, 0, 2, 8]
[15, 8, 2, 8, 22, 8, 23]
[5, 31, 8, 23, 8, 23, 5]
-------29--------
[0, 6, 8, 15, 7, 14, 0]
[6, -2, 6, 7, 1, 8, 14]
[6, 0, 0, 6, 0, 6, 7]
[8, 22, 6, 15, 6, 15, 15]
[15, 8, 5, 6, 0, 2, 8]
[15, 8, 2, 8, 22, 8, 23]
[5, 31, 8, 23, 8, 23, 5]
-------32--------
[0, 6, 8, 15, 7, 14, 0]
[6, -2, 6, 7, 1, 8, 14]
[6, 0, 0, 6, 0, 6, 7]
[8, 22, 6, 15, 6, 15, 15]
[15, 8, 5, 6, 0, 2, 8]
[15, 8, 2, 8, 22, 8, 23]
[5, 23, 7, 15, 8, 15, 5]
-------34--------
[0, 6, 8, 15, 7, 14, 0]
[6, -2, 6, 7, 1, 8, 14]
[6, 0, 0, 6, 0, 6, 7]
[8, 14, 6, 15, 6, 15, 15]
[7, 7, 5, 6, 0, 2, 8]
[15, 8, 2, 8, 22, 8, 23]
[5, 15, 7, 15, 8, 15, 5]
-------35--------
[0, 6, 8, 15, 7, 14, 0]
[14, 6, 14, 8, 1, 8, 14]
[6, 0, 0, 6, 0, 6, 7]
[8, 14, 6, 15, 6, 15, 15]
[7, 7, 5, 6, 0, 2, 8]
[15, 8, 2, 15, 6, 8, 15]
[5, 15, 8, 15, 7, 15, 5]
-------36--------
[0, 6, 8, 15, 7, 14, 0]
[14, 6, 14, 8, 1, 7, 6]
[6, 0, 0, 6, 0, 14, 8]
[15, 14, 6, 15, 6, 8, 15]
[8, 15, 5, 6, 0, 2, 7]
[15, 8, 2, 15, 6, 8, 15]
[5, 15, 8, 15, 7, 15, 5]
-------37--------
[0, 6, 8, 15, 7, 14, 0]
[14, 6, 14, 8, 1, 7, 6]
[6, 0, 0, 6, 0, 14, 8]
[15, 14, 6, 15, 6, 8, 15]
[8, 15, 5, 6, 0, 2, 7]
[15, 8, 2, 15, 6, 8, 15]
[5, 15, 8, 15, 7, 15, 5]
-------37--------
time elapsed: 4.330006122589111
Solution: [(0, 2), (1, 3), (2, 6), (3, 5), (4, 0), (5, 1), (5, 5), (6, 2)]
--------Memory statistic for Heuristic solution--------
+ Total memory used for Heuristic solution: 144 KiB
+ Total number of allocations: 2519
+ The average memory usage per allocation: 58 B
--------------------------------------------------