[15, 15, 7, 23, 8, 1, 7]
[15, 8, 2, 23, 15, 8, 15]
[8, 2, 8, 23, 5, 1, 7]
[5, 15, 15, 8, 1, 1, 7]
[1, 8, 5, 15, 5, 8, 15]
[23, 31, 8, 8, 8, 3, 8]
[7, 15, 15, 23, 15, 8, 15]
-------31--------
[15, 15, 7, 15, 8, 1, 7]
[15, 8, 2, 15, 15, 8, 15]
[8, 2, 8, 15, 5, 1, 7]
[5, 15, 15, 8, 1, 1, 7]
[1, 8, 5, 7, 5, 8, 15]
[15, 23, 8, 23, 8, 3, 8]
[7, 15, 15, 15, 15, 8, 15]
-------33--------
[15, 15, 7, 15, 8, 1, 7]
[15, 8, 2, 15, 15, 8, 15]
[8, 2, 8, 15, 5, 1, 7]
[5, 15, 15, 8, 1, 1, 7]
[1, 8, 5, 7, 5, 8, 15]
[7, 15, 7, 15, 8, 3, 8]
[7, 15, 7, 15, 15, 8, 15]
-------34--------
[7, 15, 7, 8, 7, 1, 7]
[7, 8, 2, 23, 7, 8, 15]
[-1, 2, 8, 23, 5, 1, 7]
[5, 15, 15, 8, 1, 1, 7]
[1, 8, 5, 15, 5, 8, 15]
[7, 15, 8, 23, 7, 3, 8]
[7, 15, 15, 23, 7, 8, 15]
-------35--------
[8, 15, 7, 15, 7, 1, 7]
[15, 8, 2, 15, 7, 8, 15]
[7, 2, 8, 15, 5, 1, 7]
[5, 15, 15, 8, 1, 1, 7]
[1, 8, 5, 7, 5, 8, 15]
[7, 15, 8, 15, 7, 3, 8]
[7, 15, 15, 15, 7, 8, 15]
-------37--------
time elapsed: 0.0927724838256836
Solution: [(1, 1), (2, 2), (1, 5), (4, 5), (4, 1), (5, 6), (6, 5), (5, 2), (3, 3), (0, 0)]