[15, 39, 39, 39, 15, 8, 1, 5, 2, 8]
[5, 55, 55, 71, 31, 31, 23, 39, 8, 55]
[5, 39, 23, 39, 5, 15, 7, 7, 23, 23]
[0, 38, 8, 55, 14, 31, 23, 7, 39, 39]
[14, 23, 23, 54, 0, 5, 7, 1, 23, 23]
[15, 8, 2, 8, 1, 5, 23, 8, 39, 23]
[39, 63, 8, 63, 55, 31, 47, 47, 47, 5]
-------75--------
[15, 39, 39, 39, 15, 8, 1, 5, 2, 8]
[5, 55, 55, 71, 31, 31, 23, 39, 8, 55]
[5, 39, 23, 39, 5, 15, 7, 7, 23, 23]
[0, 38, 8, 55, 14, 31, 23, 7, 39, 39]
[14, 23, 23, 54, 0, 5, 7, 1, 23, 23]
[15, 8, 2, 8, 1, 5, 23, 8, 39, 23]
[39, 63, 8, 63, 55, 31, 47, 47, 47, 5]
-------76--------
[15, 39, 39, 31, 15, 8, 1, 5, 2, 8]
[5, 55, 55, 63, 31, 31, 23, 47, 8, 55]
[5, 8, 31, 39, 5, 23, 15, 8, 31, 31]
[0, 38, 8, 47, 14, 31, 23, 15, 39, 39]
[22, 23, 23, 46, 0, 5, 7, 1, 23, 23]
[15, 7, 2, 8, 1, 5, 23, 8, 39, 23]
[39, 55, 8, 15, 47, 23, 39, 39, 39, 5]
-------77--------
[15, 39, 31, 31, 15, 8, 1, 5, 2, 8]
[5, 55, 47, 63, 31, 31, 23, 47, 8, 55]
[5, 8, 15, 31, 5, 23, 15, 8, 31, 31]
[0, 38, 8, 47, 14, 31, 23, 15, 39, 39]
[22, 23, 15, 46, 0, 5, 7, 1, 23, 23]
[15, 7, 2, 8, 1, 5, 23, 8, 39, 23]
[31, 47, 8, 7, 15, 15, 31, 31, 31, 5]
-------78--------
[7, 31, 23, 31, 15, 8, 1, 5, 2, 8]
[5, 31, 23, 47, 7, 7, 15, 23, 8, 31]
[5, 7, 7, 23, 5, 15, 23, 8, 23, 23]
[0, 22, 8, 39, 6, 15, 15, 15, 23, 23]
[14, 8, 7, 38, 0, 5, 15, 1, 15, 15]
[15, 8, 2, 8, 1, 5, 23, 8, 23, 15]
[31, 39, 7, 7, 7, 8, 39, 31, 23, 5]
-------79--------
[7, 15, 15, 15, 7, 8, 1, 5, 2, 8]
[5, 15, 15, 7, 7, 15, 15, 15, 8, 15]
[5, 7, 7, 7, 5, 15, 15, 8, 15, 15]
[0, 14, 8, 15, 6, 15, 15, 15, 15, 15]
[6, 7, 7, 6, 0, 5, 7, 1, 7, 7]
[15, 8, 2, 8, 1, 5, 15, 8, 15, 15]
[15, 15, 15, 15, 15, 8, 15, 15, 15, 5]
-------80--------
[7, 15, 15, 15, 7, 8, 1, 5, 2, 8]
[5, 15, 15, 7, 7, 15, 15, 15, 8, 15]
[5, 7, 7, 7, 5, 15, 15, 8, 15, 15]
[0, 14, 8, 15, 6, 15, 15, 15, 15, 15]
[6, 7, 7, 6, 0, 5, 7, 1, 7, 7]
[15, 8, 2, 8, 1, 5, 15, 8, 15, 15]
[15, 15, 15, 15, 15, 8, 15, 15, 15, 5]
-------80--------
time elapsed: 340.77907967567444
Solution: [(0, 5), (0, 9), (1, 8), (2, 7), (3, 2), (5, 1), (5, 3), (5, 7), (6, 5), (7, 0), (7, 6), (8, 2), (9, 4)]
--------Memory statistic for Heuristic solution--------
+ Total memory used for Heuristic solution: 10 KiB
+ Total number of allocations: 217
+ The average memory usage per allocation: 50 B
--------------------------------------------------