[7, -1, -1, -1, -1, -2, -1]
[7, 5, -1, 1, -2, 0, -2]
[7, -1, -1, 5, -1, -2, -1]
[7, 5, 3, -1, 5, 1, -1]
[7, -1, -1, 5, -1, -1, -1]
[7, 1, -1, 1, -1, 2, -1]
[8, 7, 7, 7, 7, 7, 7]
-------13--------
[15, 7, 7, 7, 8, 6, 7]
[7, 5, -1, 1, 6, 0, -2]
[7, -1, -1, 5, 7, -2, -1]
[7, 5, 3, -1, 5, 1, -1]
[7, -1, -1, 5, -1, -1, -1]
[7, 1, -1, 1, -1, 2, -1]
[8, 7, 7, 7, 7, 7, 7]
-------21--------
[15, 7, 7, 7, 8, 6, 15]
[7, 5, -1, 1, 6, 0, 6]
[7, -1, -1, 5, 7, -2, 7]
[7, 5, 3, -1, 5, 1, 8]
[7, -1, -1, 5, -1, -1, 7]
[7, 1, -1, 1, -1, 2, 7]
[8, 7, 7, 7, 7, 7, 15]
-------26--------
[15, 7, 7, 7, 8, 6, 15]
[7, 5, -1, 1, 6, 0, 6]
[7, -1, -1, 5, 7, -2, 7]
[7, 5, 3, -1, 5, 1, 8]
[15, 8, 7, 5, -1, -1, 7]
[7, 1, -1, 1, -1, 2, 7]
[8, 7, 7, 7, 7, 7, 15]
-------28--------
[15, 7, 7, 7, 8, 6, 15]
[7, 5, -1, 1, 6, 0, 6]
[7, -1, -1, 5, 7, -2, 7]
[7, 5, 3, -1, 5, 1, 8]
[15, 8, 7, 5, 7, 8, 15]
[7, 1, -1, 1, -1, 2, 7]
[8, 7, 7, 7, 7, 7, 15]
-------30--------
[15, 7, 7, 7, 8, 6, 15]
[7, 5, -1, 1, 6, 0, 6]
[15, 8, 7, 5, 7, -2, 7]
[7, 5, 3, -1, 5, 1, 8]
[15, 8, 7, 5, 7, 8, 15]
[7, 1, -1, 1, -1, 2, 7]
[8, 7, 7, 7, 7, 7, 15]
-------32--------
[15, 7, 15, 7, 8, 6, 15]
[7, 5, 8, 1, 6, 0, 6]
[15, 8, 15, 5, 7, -2, 7]
[7, 5, 3, -1, 5, 1, 8]
[23, 8, 8, 5, 7, 8, 15]
[7, 1, 7, 1, -1, 2, 7]
[8, 7, 15, 7, 7, 7, 15]
-------33--------
[15, 7, 15, 7, 8, 6, 15]
[7, 5, 8, 1, 6, 0, 6]
[15, 8, 15, 5, 7, -2, 7]
[7, 5, 3, 8, 5, 1, 8]
[23, 8, 8, 5, 7, 8, 15]
[7, 1, 7, 1, -1, 2, 7]
[8, 7, 15, 7, 7, 7, 15]
-------34--------
[15, 7, 15, 7, 8, 6, 15]
[7, 5, 8, 1, 6, 0, 6]
[15, 8, 15, 5, 7, -2, 7]
[7, 5, 3, 8, 5, 1, 8]
[15, 7, 8, 5, 7, 8, 15]
[7, 1, 7, 1, -1, 2, 7]
[8, 7, 15, 7, 7, 7, 15]
-------35--------
[15, 7, 15, 7, 8, 6, 15]
[7, 5, 8, 1, 6, 0, 6]
[15, 8, 15, 5, 7, -2, 7]
[7, 5, 3, 8, 5, 1, 8]
[15, 7, 8, 5, 8, 7, 15]
[7, 1, 7, 1, 7, 2, 7]
[8, 7, 15, 7, 15, 7, 15]
-------36--------
[15, 7, 15, 7, 8, 6, 15]
[7, 5, 8, 1, 6, 0, 6]
[15, 8, 15, 5, 15, 6, 8]
[7, 5, 3, 8, 5, 1, 7]
[15, 7, 8, 5, 8, 7, 15]
[7, 1, 7, 1, 7, 2, 7]
[8, 7, 15, 7, 15, 7, 15]
-------37--------
time elapsed: 0.1924605369567871
Solution: [(6, 0), (0, 4), (2, 1), (4, 2), (1, 2), (3, 3), (4, 4), (2, 6)]
--------Memory statistic for Heuristic solution--------
+ Total memory used for Heuristic solution: 25 KiB
+ Total number of allocations: 542
+ The average memory usage per allocation: 48 B
--------------------------------------------------