[-1, 6, 0, 5, 8, 15, 5, 7, 15, -1]
[7, 15, 6, 8, 3, 15, 7, 15, 8, 7]
[7, 15, 7, 15, 7, 8, 1, 7, 15, 5]
[5, 8, 1, 6, -1, 5, 7, 15, 8, 5]
[8, 15, 14, 0, -2, 7, -1, 7, 3, 8]
[7, 1, 7, 6, -1, 7, 2, 8, 8, 23]
[5, 8, 23, 8, 2, 15, 8, 5, 7, 5]
-------58--------
[-1, 6, 0, 5, 8, 15, 5, 15, 23, 8]
[7, 15, 6, 8, 3, 15, 7, 15, 8, 15]
[7, 15, 7, 15, 7, 8, 1, 7, 15, 5]
[5, 8, 1, 6, -1, 5, 7, 15, 8, 5]
[8, 15, 14, 0, -2, 7, -1, 7, 3, 8]
[7, 1, 7, 6, -1, 7, 2, 8, 8, 23]
[5, 8, 23, 8, 2, 15, 8, 5, 7, 5]
-------60--------
[-1, 6, 0, 5, 8, 15, 5, 15, 23, 8]
[7, 15, 6, 8, 3, 15, 7, 15, 8, 15]
[7, 15, 7, 15, 7, 8, 1, 7, 15, 5]
[5, 8, 1, 6, -1, 5, 7, 15, 8, 5]
[8, 15, 14, 0, -2, 7, -1, 7, 3, 8]
[7, 1, 7, 6, -1, 7, 2, 8, 8, 23]
[5, 8, 23, 8, 2, 15, 8, 5, 7, 5]
-------63--------
[8, 14, 0, 5, 8, 15, 5, 15, 23, 8]
[15, 15, 6, 8, 3, 15, 7, 15, 8, 15]
[15, 15, 7, 15, 7, 8, 1, 7, 15, 5]
[5, 8, 1, 6, -1, 5, 7, 15, 8, 5]
[8, 15, 14, 0, -2, 7, -1, 7, 3, 8]
[7, 1, 7, 6, -1, 7, 2, 8, 8, 23]
[5, 8, 23, 8, 2, 15, 8, 5, 7, 5]
-------64--------
[8, 14, 0, 5, 8, 15, 5, 15, 23, 8]
[15, 15, 6, 8, 3, 15, 7, 15, 8, 15]
[15, 15, 7, 15, 7, 8, 1, 7, 15, 5]
[5, 8, 1, 6, -1, 5, 7, 15, 8, 5]
[8, 15, 14, 0, -2, 7, -1, 7, 3, 8]
[7, 1, 7, 6, -1, 7, 2, 8, 8, 23]
[5, 15, 15, 8, 2, 15, 8, 5, 7, 5]
-------65--------
[8, 14, 0, 5, 8, 15, 5, 15, 23, 8]
[15, 15, 6, 8, 3, 15, 7, 15, 8, 15]
[23, 23, 15, 23, 8, 8, 1, 7, 15, 5]
[5, 8, 1, 6, 7, 5, 7, 15, 8, 5]
[8, 15, 14, 0, 6, 7, -1, 7, 3, 8]
[7, 1, 7, 6, 7, 7, 2, 8, 8, 23]
[5, 15, 15, 8, 2, 15, 8, 5, 7, 5]
-------68--------
[8, 14, 0, 5, 8, 15, 5, 15, 23, 8]
[15, 15, 6, 8, 3, 15, 7, 15, 8, 15]
[23, 23, 15, 23, 8, 8, 1, 7, 15, 5]
[5, 8, 1, 6, 7, 5, 7, 15, 8, 5]
[8, 15, 14, 0, 14, 8, 7, 15, 3, 8]
[7, 1, 7, 6, 7, 15, 2, 8, 8, 23]
[5, 15, 15, 8, 2, 23, 8, 5, 7, 5]
-------69--------
[8, 14, 0, 5, 8, 15, 5, 15, 23, 8]
[15, 15, 6, 8, 3, 15, 7, 15, 8, 15]
[23, 23, 15, 23, 8, 8, 1, 7, 15, 5]
[5, 8, 1, 6, 7, 5, 7, 15, 8, 5]
[7, 7, 6, 0, 14, 8, 7, 15, 3, 8]
[8, 1, 7, 6, 7, 15, 2, 8, 8, 23]
[5, 15, 15, 8, 2, 23, 8, 5, 7, 5]
-------70--------
[8, 14, 0, 5, 8, 15, 5, 15, 23, 8]
[15, 15, 6, 8, 3, 15, 7, 15, 8, 15]
[15, 15, 7, 15, 15, 8, 1, 7, 15, 5]
[5, 8, 1, 6, 7, 5, 7, 15, 8, 5]
[7, 7, 6, 0, 14, 8, 7, 15, 3, 8]
[8, 1, 15, 14, 8, 23, 2, 8, 15, 15]
[5, 15, 15, 8, 2, 23, 8, 5, 8, 5]
-------71--------
[8, 14, 0, 5, 8, 15, 5, 23, 23, 8]
[15, 15, 6, 8, 3, 15, 7, 23, 8, 15]
[15, 15, 7, 15, 15, 8, 1, 15, 15, 5]
[5, 8, 1, 6, 7, 5, 7, 23, 8, 5]
[7, 7, 6, 0, 14, 15, 7, 8, 3, 8]
[8, 1, 15, 14, 8, 15, 2, 8, 15, 15]
[5, 15, 15, 8, 2, 15, 8, 5, 8, 5]
-------72--------
[8, 14, 0, 5, 8, 23, 5, 15, 15, 8]
[15, 15, 6, 8, 3, 8, 7, 15, 15, 15]
[15, 15, 7, 15, 15, 8, 1, 7, 7, 5]
[5, 8, 1, 6, 7, 5, 15, 15, 8, 5]
[7, 7, 6, 0, 22, 23, 8, 8, 3, 8]
[8, 1, 15, 14, 8, 15, 2, 7, 7, 7]
[5, 15, 15, 8, 2, 15, 8, 5, 8, 5]
-------73--------
[8, 14, 0, 5, 8, 23, 5, 15, 15, 8]
[15, 15, 6, 8, 3, 8, 7, 15, 15, 15]
[15, 15, 7, 15, 15, 8, 1, 7, 7, 5]
[5, 8, 1, 6, 7, 5, 15, 15, 8, 5]
[7, 7, 6, 0, 22, 23, 8, 8, 3, 8]
[8, 1, 15, 14, 8, 15, 2, 7, 7, 7]
[5, 15, 15, 8, 2, 15, 8, 5, 8, 5]
-------74--------
[8, 14, 0, 5, 8, 15, 5, 15, 15, 8]
[15, 15, 14, 8, 3, 8, 7, 15, 15, 15]
[15, 15, 8, 15, 15, 15, 1, 8, 15, 5]
[5, 7, 1, 6, 7, 5, 15, 15, 8, 5]
[15, 8, 6, 0, 14, 7, 8, 15, 3, 8]
[8, 1, 7, 14, 8, 7, 2, 15, 8, 15]
[5, 15, 7, 8, 2, 7, 8, 5, 7, 5]
-------75--------
[7, 6, 0, 5, 8, 15, 5, 15, 15, 8]
[15, 15, 6, 8, 3, 8, 7, 15, 15, 15]
[8, 15, 7, 15, 15, 15, 1, 8, 15, 5]
[5, 8, 1, 6, 7, 5, 15, 15, 8, 5]
[7, 7, 6, 0, 14, 15, 8, 15, 3, 8]
[8, 1, 15, 14, 8, 15, 2, 15, 8, 15]
[5, 15, 15, 8, 2, 15, 8, 5, 7, 5]
-------76--------
[7, 6, 0, 5, 8, 15, 5, 15, 15, 8]
[15, 15, 6, 8, 3, 8, 7, 15, 15, 15]
[8, 15, 7, 15, 15, 15, 1, 8, 15, 5]
[5, 8, 1, 6, 7, 5, 15, 15, 8, 5]
[7, 7, 6, 0, 14, 15, 8, 15, 3, 8]
[8, 1, 15, 14, 8, 15, 2, 15, 8, 15]
[5, 15, 15, 8, 2, 15, 8, 5, 7, 5]
-------76--------
time elapsed: 15.302001953125
Solution: [(0, 4), (0, 9), (1, 3), (1, 5), (2, 0), (2, 7), (3, 1), (3, 8), (4, 6), (4, 9), (5, 0), (5, 4), (5, 8), (6, 3), (6, 6), (7, 1), (7, 5), (8, 2), (8, 9), (9, 0), (9, 5)]
--------Memory statistic for Heuristic solution--------
+ Total memory used for Heuristic solution: 165 KiB
+ Total number of allocations: 2906
+ The average memory usage per allocation: 58 B
--------------------------------------------------