[1, 8, 8, 2, 8, 5, 7]
[5, 23, 23, 8, 31, 5, 8]
[23, 8, 8, 31, 39, 15, 23]
[23, 31, 31, 8, 8, 15, 23]
[8, 2, 15, 2, 8, 7, 15]
[2, 8, 31, 8, 2, -1, 7]
[7, 15, 23, 15, 8, 7, 15]
-------27--------
[1, 8, 15, 2, 8, 5, 7]
[5, 23, 15, 8, 31, 5, 8]
[23, 8, 8, 31, 39, 15, 23]
[23, 31, 23, 8, 8, 15, 23]
[8, 2, 7, 2, 8, 7, 15]
[2, 8, 23, 8, 2, -1, 7]
[7, 15, 15, 15, 8, 7, 15]
-------30--------
[1, 8, 15, 2, 8, 5, 7]
[5, 23, 15, 8, 31, 5, 8]
[23, 8, 8, 23, 39, 15, 23]
[15, 23, 15, 15, 8, 7, 15]
[8, 2, 7, 2, 8, 7, 15]
[2, 8, 23, 8, 2, -1, 7]
[7, 15, 15, 15, 8, 7, 15]
-------33--------
[1, 8, 15, 2, 8, 5, 7]
[5, 15, 15, 8, 31, 5, 8]
[15, 15, 8, 15, 31, 7, 15]
[15, 15, 15, 15, 8, 7, 15]
[8, 2, 7, 2, 8, 7, 15]
[2, 8, 23, 8, 2, -1, 7]
[7, 15, 15, 15, 8, 7, 15]
-------35--------
[1, 8, 15, 2, 8, 5, 7]
[5, 15, 15, 8, 31, 5, 8]
[15, 15, 8, 15, 31, 7, 15]
[15, 15, 15, 15, 8, 7, 15]
[8, 2, 7, 2, 8, 7, 15]
[2, 8, 15, 7, 2, -1, 7]
[7, 15, 15, 7, 8, 7, 15]
-------36--------
[1, 8, 15, 2, 8, 5, 7]
[5, 15, 15, 8, 23, 5, 8]
[23, 23, 8, 23, 31, 8, 23]
[7, 7, 7, 7, 15, 7, 7]
[8, 2, 7, 2, 8, 15, 15]
[2, 8, 15, 7, 2, 7, 7]
[7, 15, 15, 7, 8, 15, 15]
-------37--------
[1, 8, 15, 2, 7, 5, 7]
[5, 15, 15, 8, 15, 5, 7]
[15, 15, 8, 23, 15, 7, 15]
[15, 15, 15, 8, 15, 7, 15]
[8, 2, 7, 2, 8, 7, 15]
[2, 8, 15, 7, 2, 7, 8]
[7, 15, 15, 7, 8, 7, 15]
-------38--------
[1, 8, 15, 2, 8, 5, 7]
[5, 15, 15, 8, 15, 5, 7]
[7, 7, 7, 7, 7, 7, 7]
[15, 15, 15, 15, 15, 15, 8]
[8, 2, 8, 2, 15, 8, 15]
[2, 7, 15, 8, 2, 7, 7]
[7, 7, 15, 15, 8, 15, 15]
-------39--------
[1, 8, 15, 2, 8, 5, 7]
[5, 15, 15, 8, 15, 5, 7]
[7, 7, 7, 7, 7, 7, 7]
[15, 15, 15, 15, 15, 15, 8]
[8, 2, 8, 2, 7, 7, 7]
[2, 7, 15, 8, 2, 8, 15]
[8, 7, 15, 15, 7, 15, 15]
-------40--------
time elapsed: 1.3130207061767578
Solution: [(4, 0), (0, 1), (0, 4), (5, 3), (1, 3), (4, 2), (6, 0), (3, 6), (5, 5)]