[7, 7, -1, -1, -2, 7, 5, 8, 15, 23]
[15, 8, 1, -2, 0, 14, 8, 3, 8, 23]
[8, 1, 8, 15, 14, 23, 23, 8, 3, 8]
[1, 7, 7, -1, 5, 15, 14, 23, 8, 23]
[23, 8, 23, 15, 8, 22, 0, 14, 5, 15]
[8, 2, 7, 5, 39, 8, 14, 31, 23, 8]
[15, 6, 15, 15, 8, 2, 7, 23, 8, 2]
-------53--------
[15, 15, 7, 8, 6, 15, 5, 8, 7, 23]
[15, 8, 1, 6, 0, 14, 8, 3, -1, 15]
[8, 1, 8, 23, 14, 23, 23, 8, 3, 8]
[1, 7, 7, 7, 5, 15, 14, 23, 8, 23]
[23, 8, 23, 23, 8, 22, 0, 14, 5, 15]
[8, 2, 7, 5, 39, 8, 14, 31, 23, 8]
[15, 6, 15, 15, 8, 2, 7, 23, 8, 2]
-------59--------
[15, 15, 7, 8, 6, 15, 5, 8, 7, 23]
[15, 8, 1, 6, 0, 14, 8, 3, -1, 15]
[8, 1, 8, 23, 14, 23, 23, 8, 3, 8]
[1, 7, 7, 7, 5, 15, 14, 23, 8, 23]
[23, 8, 23, 23, 8, 22, 0, 14, 5, 15]
[8, 2, 7, 5, 39, 8, 14, 31, 23, 8]
[15, 6, 15, 15, 8, 2, 7, 23, 8, 2]
-------62--------
[15, 15, 7, 8, 6, 15, 5, 8, 7, 23]
[15, 8, 1, 6, 0, 14, 8, 3, -1, 15]
[8, 1, 8, 23, 14, 23, 23, 8, 3, 8]
[1, 7, 7, 7, 5, 15, 14, 23, 8, 23]
[23, 8, 23, 23, 8, 22, 0, 14, 5, 15]
[8, 2, 7, 5, 39, 8, 14, 31, 23, 8]
[15, 6, 15, 15, 8, 2, 7, 23, 8, 2]
-------64--------
[15, 15, 7, 8, 6, 15, 5, 8, 7, 23]
[15, 8, 1, 6, 0, 14, 8, 3, -1, 15]
[8, 1, 8, 23, 14, 23, 23, 8, 3, 8]
[1, 7, 7, 7, 5, 15, 14, 23, 8, 23]
[23, 8, 23, 23, 8, 22, 0, 14, 5, 15]
[8, 2, 7, 5, 31, 8, 14, 31, 23, 8]
[7, -2, 7, 7, 15, 2, 7, 23, 8, 2]
-------66--------
[15, 15, 7, 8, 6, 15, 5, 8, 7, 23]
[15, 8, 1, 6, 0, 14, 8, 3, -1, 15]
[8, 1, 8, 23, 14, 23, 23, 8, 3, 8]
[1, 7, 7, 7, 5, 15, 14, 23, 8, 23]
[15, 8, 15, 15, 15, 14, 0, 14, 5, 15]
[8, 2, 7, 5, 23, 8, 14, 31, 23, 8]
[7, -2, 7, 7, 7, 2, 7, 23, 8, 2]
-------68--------
[15, 15, 7, 8, 6, 15, 5, 8, 7, 23]
[15, 8, 1, 6, 0, 14, 8, 3, -1, 15]
[8, 1, 8, 23, 14, 23, 23, 8, 3, 8]
[1, 7, 7, 7, 5, 15, 14, 15, 8, 23]
[15, 8, 15, 15, 15, 14, 0, 6, 5, 15]
[8, 2, 7, 5, 23, 8, 14, 23, 23, 8]
[7, -2, 7, 7, 7, 2, 7, 15, 8, 2]
-------69--------
[15, 15, 7, 8, 6, 15, 5, 8, 7, 23]
[15, 8, 1, 6, 0, 14, 8, 3, -1, 15]
[8, 1, 7, 15, 6, 15, 15, 8, 3, 8]
[1, 7, -1, 7, 5, 15, 14, 15, 8, 23]
[15, 8, 7, 15, 15, 14, 0, 6, 5, 15]
[8, 2, -1, 5, 23, 8, 14, 23, 23, 8]
[15, 6, 7, 8, 15, 2, 7, 15, 8, 2]
-------70--------
[15, 15, 7, 8, 6, 15, 5, 8, 7, 23]
[15, 8, 1, 6, 0, 14, 8, 3, -1, 15]
[8, 1, 15, 15, 6, 15, 15, 8, 3, 8]
[1, 7, 7, 7, 5, 15, 14, 15, 8, 23]
[23, 8, 8, 23, 23, 22, 0, 6, 5, 15]
[8, 2, 7, 5, 23, 8, 14, 23, 23, 8]
[15, 6, 15, 8, 15, 2, 7, 15, 8, 2]
-------71--------
[15, 15, 7, 8, 6, 15, 5, 8, 7, 23]
[15, 8, 1, 6, 0, 14, 8, 3, -1, 15]
[8, 1, 15, 15, 6, 15, 15, 8, 3, 8]
[1, 7, 7, 7, 5, 15, 14, 15, 8, 23]
[23, 8, 8, 23, 23, 22, 0, 6, 5, 15]
[8, 2, 7, 5, 23, 8, 22, 23, 23, 8]
[15, 6, 15, 8, 15, 2, 15, 15, 8, 2]
-------72--------
[15, 15, 7, 8, 6, 15, 5, 8, 7, 15]
[15, 8, 1, 6, 0, 14, 8, 3, -1, 7]
[8, 1, 15, 15, 6, 15, 15, 8, 3, 8]
[1, 7, 7, 7, 5, 15, 14, 15, 8, 15]
[23, 8, 8, 23, 23, 22, 0, 6, 5, 7]
[8, 2, 7, 5, 15, 8, 14, 15, 15, 15]
[15, 6, 15, 8, 15, 2, 15, 15, 8, 2]
-------73--------
[15, 15, 7, 8, 6, 15, 5, 8, 7, 15]
[15, 8, 1, 6, 0, 14, 8, 3, -1, 7]
[8, 1, 15, 15, 6, 15, 15, 8, 3, 8]
[1, 7, 7, 7, 5, 15, 14, 15, 8, 15]
[23, 8, 8, 23, 15, 22, 0, 6, 5, 7]
[8, 2, 7, 5, 7, 8, 22, 15, 15, 15]
[15, 6, 15, 8, 7, 2, 23, 15, 8, 2]
-------74--------
[15, 15, 7, 8, 6, 15, 5, 8, 8, 23]
[15, 8, 1, 6, 0, 14, 8, 3, 7, 7]
[8, 1, 15, 15, 6, 15, 15, 8, 3, 8]
[1, 7, 7, 7, 5, 15, 14, 15, 8, 15]
[15, 8, 15, 15, 7, 14, 0, 6, 5, 7]
[8, 2, 8, 5, 7, 8, 14, 15, 15, 15]
[15, 6, 15, 8, 7, 2, 15, 15, 8, 2]
-------75--------
[15, 15, 7, 8, 6, 15, 5, 7, 8, 15]
[15, 8, 1, 6, 0, 14, 8, 3, 7, 7]
[8, 1, 15, 15, 6, 15, 15, 8, 3, 8]
[1, 7, 7, 7, 5, 15, 14, 15, 8, 15]
[15, 8, 15, 15, 15, 14, 0, 6, 5, 7]
[8, 2, 8, 5, 15, 8, 14, 15, 15, 15]
[15, 6, 15, 8, 15, 2, 15, 15, 8, 2]
-------76--------
[31, 8, 8, 8, 22, 31, 5, 7, 8, 15]
[7, 7, 1, 6, 0, 14, 8, 3, 7, 7]
[8, 1, 15, 15, 6, 15, 15, 8, 3, 8]
[1, 7, 7, 7, 5, 15, 14, 15, 8, 15]
[15, 8, 15, 15, 15, 14, 0, 6, 5, 7]
[7, 2, 8, 5, 15, 8, 14, 15, 15, 15]
[15, 6, 15, 8, 15, 2, 15, 15, 8, 2]
-------77--------
[23, 8, 8, 23, 14, 23, 5, 7, 8, 15]
[7, 7, 1, 6, 0, 14, 8, 3, 7, 7]
[8, 1, 15, 15, 6, 15, 15, 8, 3, 8]
[1, 15, 15, 8, 5, 15, 14, 15, 8, 15]
[15, 8, 15, 15, 15, 14, 0, 6, 5, 7]
[7, 2, 8, 5, 15, 8, 14, 15, 15, 15]
[15, 6, 15, 8, 15, 2, 15, 15, 8, 2]
-------78--------
[8, 15, 7, 15, 6, 15, 5, 7, 15, 8]
[15, 8, 1, 6, 0, 14, 8, 3, 8, 15]
[7, 1, 15, 15, 6, 15, 15, 8, 3, 7]
[1, 15, 15, 8, 5, 15, 14, 15, 8, 15]
[15, 8, 15, 15, 7, 14, 0, 6, 5, 7]
[8, 2, 7, 5, 7, 8, 14, 15, 15, 15]
[15, 6, 8, 15, 7, 2, 15, 15, 8, 2]
-------79--------
[15, 7, 8, 15, 6, 15, 5, 8, 15, 15]
[8, 7, 1, 6, 0, 14, 8, 3, 8, 15]
[7, 1, 15, 15, 6, 8, 15, 15, 3, 8]
[1, 8, 15, 15, 5, 15, 14, 15, 8, 15]
[15, 15, 15, 8, 15, 14, 0, 6, 5, 7]
[8, 2, 8, 5, 15, 15, 14, 8, 15, 15]
[15, 6, 15, 15, 8, 2, 15, 15, 8, 2]
-------80--------
[15, 7, 8, 15, 6, 15, 5, 8, 15, 15]
[8, 7, 1, 6, 0, 14, 8, 3, 8, 15]
[7, 1, 15, 15, 6, 8, 15, 15, 3, 8]
[1, 8, 15, 15, 5, 15, 14, 15, 8, 15]
[15, 15, 15, 8, 15, 14, 0, 6, 5, 7]
[8, 2, 8, 5, 15, 15, 14, 8, 15, 15]
[15, 6, 15, 15, 8, 2, 15, 15, 8, 2]
-------80--------
time elapsed: 184.06199860572815
Solution: [(0, 2), (0, 7), (1, 0), (1, 6), (1, 8), (2, 5), (2, 9), (3, 1), (3, 8), (4, 3), (5, 0), (5, 2), (5, 7), (6, 4), (6, 8), (7, 5), (7, 9), (8, 3), (8, 6), (9, 1), (9, 8)]
--------Memory statistic for Heuristic solution--------
+ Total memory used for Heuristic solution: 179 KiB
+ Total number of allocations: 3163
+ The average memory usage per allocation: 58 B
--------------------------------------------------