[7, 5, 0, 6, 8, 1, 7, 5, 23, 31, 8, 47, 31, 23]
[7, -1, 6, 1, 8, 5, 15, -1, -1, 23, 2, 15, 15, 5]
[23, 15, 23, 8, 39, 23, 31, 5, 2, 8, 8, 55, 23, 5]
[7, 5, -1, 2, 31, 31, 39, 23, 8, 46, 1, 8, 5, -1]
[15, 23, 14, 8, 1, -1, 23, 6, 22, 0, -2, 23, -2, 6]
[8, 22, 0, 22, 8, 15, 22, 0, 14, -2, -1, 22, 0, 0]
[2, 8, 1, 7, 31, 5, 15, 30, 15, -1, -1, 22, -2, -2]
-------103--------
[7, 5, 0, 6, 8, 1, 7, 5, 23, 31, 8, 47, 31, 23]
[7, -1, 6, 1, 8, 5, 15, -1, -1, 23, 2, 15, 15, 5]
[23, 15, 23, 8, 39, 23, 31, 5, 2, 8, 8, 55, 23, 5]
[7, 5, -1, 2, 31, 31, 39, 23, 8, 46, 1, 8, 5, -1]
[15, 23, 14, 8, 1, -1, 23, 6, 22, 0, 6, 23, -2, 6]
[8, 22, 0, 22, 8, 15, 22, 0, 22, 6, 8, 30, 0, 0]
[2, 8, 1, 7, 31, 5, 15, 22, 15, -1, 7, 22, -2, -2]
-------111--------
[7, 5, 0, 6, 8, 1, 7, 5, 23, 31, 8, 47, 31, 23]
[7, -1, 6, 1, 8, 5, 15, -1, -1, 23, 2, 15, 15, 5]
[23, 15, 23, 8, 39, 23, 31, 5, 2, 8, 8, 55, 23, 5]
[7, 5, -1, 2, 31, 31, 39, 23, 8, 46, 1, 8, 5, -1]
[15, 23, 14, 8, 1, -1, 23, 6, 22, 0, 6, 23, -2, -2]
[8, 22, 0, 22, 8, 15, 22, 0, 22, 6, 8, 30, 0, 0]
[2, 8, 1, 7, 31, 5, 15, 22, 15, -1, 7, 22, -2, -2]
-------117--------
[7, 5, 0, 6, 8, 1, 7, 5, 23, 31, 8, 47, 31, 23]
[7, -1, 6, 1, 8, 5, 15, -1, -1, 23, 2, 15, 15, 5]
[23, 15, 23, 8, 39, 23, 31, 5, 2, 8, 8, 55, 23, 5]
[7, 5, -1, 2, 31, 31, 39, 23, 8, 46, 1, 8, 5, -1]
[15, 23, 14, 8, 1, -1, 23, 6, 22, 0, 6, 23, -2, -2]
[8, 22, 0, 22, 8, 15, 22, 0, 22, 6, 8, 30, 0, 0]
[2, 8, 1, 7, 31, 5, 15, 22, 15, -1, 7, 22, -2, -2]
-------121--------
[7, 5, 0, 6, 8, 1, 7, 5, 23, 31, 8, 47, 31, 23]
[7, -1, 6, 1, 8, 5, 23, 8, 7, 31, 2, 15, 15, 5]
[23, 15, 23, 8, 39, 23, 31, 5, 2, 8, 8, 55, 23, 5]
[7, 5, -1, 2, 31, 31, 39, 23, 8, 46, 1, 8, 5, -1]
[15, 23, 14, 8, 1, -1, 23, 6, 22, 0, 6, 23, -2, -2]
[8, 22, 0, 22, 8, 15, 22, 0, 22, 6, 8, 30, 0, 0]
[2, 8, 1, 7, 31, 5, 15, 22, 15, -1, 7, 22, -2, -2]
-------123--------
[7, 5, 0, 6, 8, 1, 7, 5, 23, 31, 8, 47, 31, 23]
[7, -1, 6, 1, 7, 5, 23, 8, 7, 31, 2, 15, 15, 5]
[23, 15, 23, 8, 31, 23, 31, 5, 2, 8, 8, 55, 23, 5]
[7, 5, -1, 2, 23, 31, 39, 23, 8, 46, 1, 8, 5, -1]
[15, 23, 14, 8, 1, -1, 23, 6, 22, 0, 6, 23, -2, -2]
[8, 22, 0, 22, 8, 15, 22, 0, 22, 6, 8, 30, 0, 0]
[2, 8, 1, 7, 31, 5, 15, 22, 15, -1, 7, 22, -2, -2]
-------125--------
[7, 5, 0, 6, 8, 1, 7, 5, 23, 31, 8, 47, 23, 23]
[7, -1, 6, 1, 7, 5, 23, 8, 7, 31, 2, 15, 7, 5]
[23, 15, 23, 8, 31, 23, 31, 5, 2, 8, 8, 47, 15, 5]
[7, 5, -1, 2, 23, 31, 39, 23, 8, 46, 1, 8, 5, -1]
[15, 23, 14, 8, 1, -1, 23, 6, 22, 0, 14, 23, -2, -2]
[8, 22, 0, 22, 8, 15, 22, 0, 22, 6, 8, 30, 0, 0]
[2, 8, 1, 7, 31, 5, 23, 30, 23, 7, 8, 30, 6, 6]
-------127--------
[7, 5, 0, 6, 8, 1, 7, 5, 23, 31, 8, 47, 23, 23]
[7, -1, 6, 1, 7, 5, 23, 8, 7, 31, 2, 15, 7, 5]
[23, 15, 23, 8, 31, 23, 31, 5, 2, 8, 8, 47, 15, 5]
[7, 5, -1, 2, 23, 31, 39, 23, 8, 46, 1, 8, 5, 8]
[15, 23, 14, 8, 1, -1, 23, 6, 22, 0, 14, 23, -2, 6]
[8, 22, 0, 22, 8, 15, 22, 0, 22, 6, 8, 30, 0, 0]
[2, 8, 1, 7, 31, 5, 23, 30, 23, 7, 8, 30, 6, 6]
-------129--------
[7, 5, 0, 6, 8, 1, 7, 5, 23, 31, 8, 47, 23, 23]
[7, -1, 6, 1, 7, 5, 23, 8, 7, 31, 2, 15, 7, 5]
[23, 15, 23, 8, 31, 23, 31, 5, 2, 8, 8, 47, 15, 5]
[7, 5, -1, 2, 23, 31, 39, 23, 8, 46, 1, 8, 5, 8]
[15, 23, 14, 8, 1, -1, 23, 6, 22, 0, 14, 23, -2, 6]
[8, 22, 0, 22, 8, 15, 22, 0, 22, 6, 8, 30, 0, 0]
[2, 8, 1, 7, 31, 5, 23, 30, 23, 7, 8, 30, 6, 6]
-------131--------
[7, 5, 0, 6, 8, 1, 7, 5, 23, 31, 8, 47, 23, 23]
[7, -1, 6, 1, 7, 5, 23, 8, 7, 31, 2, 15, 7, 5]
[23, 15, 23, 8, 31, 23, 31, 5, 2, 8, 8, 47, 15, 5]
[7, 5, -1, 2, 23, 31, 39, 23, 8, 46, 1, 8, 5, 8]
[15, 23, 14, 8, 1, -1, 23, 6, 22, 0, 14, 23, -2, 6]
[8, 22, 0, 14, 7, 7, 14, 0, 22, 6, 8, 30, 0, 0]
[2, 8, 1, 7, 23, 5, 23, 30, 23, 7, 8, 30, 6, 6]
-------133--------
[7, 5, 0, 6, 8, 1, 7, 5, 23, 31, 8, 55, 23, 23]
[7, -1, 6, 1, 7, 5, 23, 8, 7, 31, 2, 23, 7, 5]
[23, 15, 23, 8, 31, 31, 31, 5, 2, 8, 8, 55, 15, 5]
[7, 5, -1, 2, 23, 39, 39, 23, 8, 46, 1, 8, 5, 8]
[15, 23, 14, 8, 1, 7, 23, 6, 22, 0, 22, 8, 6, 14]
[8, 22, 0, 22, 15, 8, 22, 0, 22, 6, 8, 38, 0, 0]
[2, 8, 1, 7, 23, 5, 23, 30, 23, 7, 8, 38, 6, 6]
-------134--------
[7, 5, 0, 6, 8, 1, 7, 5, 23, 31, 8, 55, 23, 23]
[7, -1, 6, 1, 7, 5, 23, 8, 7, 31, 2, 23, 7, 5]
[23, 15, 23, 8, 31, 31, 31, 5, 2, 8, 8, 55, 15, 5]
[7, 5, -1, 2, 23, 39, 39, 23, 8, 46, 1, 8, 5, 8]
[15, 23, 14, 8, 1, 7, 23, 6, 22, 0, 22, 8, 6, 14]
[8, 22, 0, 22, 15, 8, 22, 0, 22, 6, 8, 38, 0, 0]
[2, 8, 1, 7, 23, 5, 23, 30, 23, 7, 8, 38, 14, 6]
-------136--------
[7, 5, 0, 6, 8, 1, 7, 5, 23, 31, 8, 55, 23, 23]
[15, 8, 14, 1, 7, 5, 23, 8, 7, 31, 2, 23, 7, 5]
[23, 23, 23, 8, 31, 31, 31, 5, 2, 8, 8, 55, 15, 5]
[7, 5, -1, 2, 23, 39, 39, 23, 8, 46, 1, 8, 5, 8]
[15, 23, 14, 8, 1, 7, 23, 6, 22, 0, 22, 8, 6, 14]
[8, 22, 0, 22, 15, 8, 22, 0, 22, 6, 8, 38, 0, 0]
[2, 8, 1, 7, 23, 5, 23, 30, 23, 7, 8, 38, 14, 6]
-------137--------
[7, 5, 0, 6, 8, 1, 7, 5, 23, 31, 8, 47, 23, 23]
[15, 8, 14, 1, 7, 5, 23, 8, 7, 31, 2, 15, 7, 5]
[23, 23, 23, 8, 31, 31, 31, 5, 2, 8, 8, 47, 15, 5]
[7, 5, -1, 2, 23, 39, 39, 23, 8, 46, 1, 7, 5, 8]
[15, 23, 14, 8, 1, 7, 23, 6, 22, 0, 22, 8, 6, 14]
[8, 22, 0, 22, 15, 8, 22, 0, 22, 6, 8, 30, 0, 0]
[2, 8, 1, 7, 23, 5, 23, 30, 23, 7, 8, 30, 14, 6]
-------139--------
[7, 5, 0, 6, 8, 1, 7, 5, 23, 31, 8, 47, 23, 23]
[15, 8, 14, 1, 7, 5, 23, 8, 7, 31, 2, 15, 7, 5]
[23, 23, 23, 8, 31, 31, 31, 5, 2, 8, 8, 47, 15, 5]
[7, 5, -1, 2, 23, 39, 39, 23, 8, 46, 1, 7, 5, 8]
[15, 15, 14, 8, 1, 7, 23, 6, 22, 0, 22, 8, 6, 14]
[8, 14, 0, 22, 15, 8, 22, 0, 22, 6, 8, 30, 0, 0]
[2, -1, 1, 7, 23, 5, 23, 30, 23, 7, 8, 30, 14, 6]
-------140--------
[7, 5, 0, 6, 8, 1, 7, 5, 23, 31, 8, 47, 23, 23]
[15, 8, 14, 1, 7, 5, 23, 8, 7, 31, 2, 15, 7, 5]
[23, 23, 23, 8, 31, 31, 31, 5, 2, 8, 8, 47, 15, 5]
[7, 5, -1, 2, 23, 39, 39, 23, 8, 46, 1, 7, 5, 8]
[15, 15, 14, 8, 1, 7, 23, 6, 22, 0, 22, 8, 6, 14]
[8, 14, 0, 22, 15, 8, 22, 0, 22, 14, 8, 30, 0, 0]
[2, -1, 1, 7, 23, 5, 23, 30, 23, 15, 8, 30, 14, 6]
-------142--------
[7, 5, 0, 6, 8, 1, 7, 5, 23, 31, 8, 47, 23, 23]
[15, 8, 14, 1, 7, 5, 23, 8, 7, 31, 2, 15, 7, 5]
[23, 23, 23, 8, 31, 31, 31, 5, 2, 8, 8, 47, 15, 5]
[7, 5, -1, 2, 23, 39, 39, 23, 8, 46, 1, 7, 5, 8]
[15, 15, 14, 8, 1, 7, 23, 6, 22, 0, 14, 8, 6, 14]
[8, 14, 0, 22, 15, 8, 22, 0, 14, 6, 7, 22, 0, 0]
[2, -1, 1, 7, 23, 5, 23, 30, 23, 15, 8, 30, 14, 6]
-------143--------
[7, 5, 0, 6, 8, 1, 7, 5, 31, 23, 8, 39, 23, 23]
[15, 8, 22, 1, 7, 5, 23, 7, 8, 23, 2, 7, 7, 5]
[31, 31, 8, 8, 39, 39, 39, 5, 2, 7, 8, 31, 7, 5]
[7, 5, 7, 2, 23, 39, 39, 23, 8, 38, 1, 7, 5, 8]
[15, 23, 22, 8, 1, 15, 8, 14, 30, 0, 14, 8, 6, 14]
[8, 22, 0, 14, 15, 8, 22, 0, 14, 6, 7, 14, 0, 0]
[2, 7, 1, 7, 15, 5, 23, 30, 23, 15, 8, 22, 14, 6]
-------144--------
[8, 5, 0, 6, 8, 1, 7, 5, 7, 7, 7, 23, 15, 8]
[15, 8, 14, 1, 7, 5, 23, 15, 8, 8, 2, 15, 8, 5]
[23, 15, 15, 8, 31, 7, 23, 5, 2, 15, 8, 23, 7, 5]
[7, 5, 8, 2, 23, 7, 31, 7, 8, 30, 1, 7, 5, 8]
[7, 7, 6, 7, 1, 7, 8, 6, 22, 0, 14, 8, 6, 14]
[7, 6, 0, 14, 8, 7, 14, 0, 14, 6, 7, 14, 0, 0]
[2, 8, 1, 7, 7, 5, 15, 14, 23, 15, 8, 22, 14, 6]
-------145--------
[7, 5, 0, 6, 8, 1, 7, 5, 7, 7, 8, 23, 15, 7]
[15, 8, 14, 1, 7, 5, 15, 7, 8, 15, 2, 15, 8, 5]
[23, 15, 15, 8, 31, 15, 23, 5, 2, 8, 8, 31, 15, 5]
[8, 5, 8, 2, 23, 8, 31, 7, 7, 30, 1, 7, 5, 8]
[7, 7, 6, 7, 1, 15, 8, 6, 14, 0, 14, 8, 6, 14]
[7, 6, 0, 14, 8, 15, 14, 0, 6, 6, 7, 14, 0, 0]
[2, 8, 1, 7, 7, 5, 15, 14, 7, 15, 8, 22, 14, 6]
-------146--------
[7, 5, 0, 6, 8, 1, 7, 5, 7, 7, 8, 23, 15, 7]
[15, 8, 14, 1, 7, 5, 15, 7, 8, 7, 2, 15, 8, 5]
[23, 15, 15, 8, 31, 7, 23, 5, 2, 7, 8, 23, 7, 5]
[8, 5, 8, 2, 23, 7, 31, 7, 8, 22, 1, 7, 5, 8]
[7, 7, 6, 7, 1, 7, 8, 6, 22, 0, 14, 8, 6, 14]
[7, 6, 0, 14, 8, 7, 14, 0, 14, 6, 7, 14, 0, 0]
[2, 8, 1, 7, 7, 5, 15, 14, 15, 15, 8, 22, 14, 6]
-------147--------
[7, 5, 0, 6, 8, 1, 7, 5, 15, 7, 8, 7, 15, 7]
[15, 8, 14, 1, 7, 5, 15, 7, 8, 7, 2, 15, 8, 5]
[15, 15, 15, 8, 15, 15, 15, 5, 2, 7, 8, 15, 15, 5]
[7, 5, 8, 2, 7, 15, 15, 7, 8, 6, 1, 7, 5, 8]
[15, 8, 14, 15, 1, 8, 15, 6, 14, 0, 14, 8, 6, 14]
[8, 14, 0, 6, 7, 7, 6, 0, 14, 14, 8, 14, 0, 0]
[2, 7, 1, 8, 15, 5, 8, 14, 7, 15, 15, 14, 14, 6]
-------148--------
[7, 5, 0, 6, 8, 1, 7, 5, 15, 7, 8, 7, 15, 7]
[15, 8, 14, 1, 7, 5, 15, 7, 8, 7, 2, 15, 8, 5]
[15, 15, 15, 8, 15, 15, 15, 5, 2, 7, 8, 15, 15, 5]
[7, 5, 8, 2, 7, 15, 15, 7, 8, 6, 1, 7, 5, 8]
[15, 8, 14, 15, 1, 8, 15, 6, 14, 0, 14, 8, 6, 14]
[8, 14, 0, 6, 7, 7, 6, 0, 14, 14, 8, 14, 0, 0]
[2, 7, 1, 8, 15, 5, 8, 14, 7, 15, 15, 14, 14, 6]
-------148--------
time elapsed: 666.0740945339203
Solution: [(0, 4), (0, 10), (1, 1), (1, 8), (1, 12), (2, 3), (2, 10), (3, 2), (3, 8), (3, 13), (4, 1), (4, 5), (4, 11), (5, 0), (5, 10), (6, 3), (6, 6), (7, 0), (7, 9), (8, 4), (9, 0), (9, 5), (9, 12), (10, 6), (10, 11), (11, 1), (11, 8), (12, 5), (12, 12), (13, 2), (13, 7), (13, 9), (13, 13)]
--------Memory statistic for Heuristic solution--------
+ Total memory used for Heuristic solution: 22 KiB
+ Total number of allocations: 429
+ The average memory usage per allocation: 52 B
--------------------------------------------------